γ’1111111111 1111111011 QVAE
PRIMO CONTINENTVR
VOLVMINE

Β111111111111111111111111111111111111111111111 1
131111111111111111111111 11111 aro 32
Β111111111111111111111111 11
1311111111111111111111111111111111111111111111111111111111111.11
13111111111111 1,1 11111111 1111 1111111111 111111 1111111111 argu
11161111 asion? 47
1111111111111 1111111111111101111 55
1111111111 1111,1111 11111111111111111111111111111 1111111111
trabit, 57
111111111111111111111111111111111111111111111 111

1111111111. 63

1)11111111111111,11 8111111111111111. 6⁷
131111111111111111,11Ν11111ο1111111111. ⁷²
,Βὶ1111111111111111111101111111111111.77

111111111111111111,111111111111111111,1161111111

1111, 1

 

